450
484
505
508
508
529
537
541
544
544
545
552
552
558
563
567
568
569
574
574
575
577
585
586
595
595
600
601
606
607
613
615
621
627
631
634
635
640
642
644
645
646
646
647
654
659
667
668
670
673
673
676
680
683
686
688
688
693
695
700
700
705
705
706
707
709
710
710
715
720
721
725
726
728
736
741
743
747
748
750
755
757
760
761
769
772
775
779
781
781
784
787
787
790
791
794
795
798
802
806
807
811
811
815
816
816
819
821
821
824
824
825
826
829
830
831
831
832
834
835
836
836
838
842
842
845
845
846
846
847
849
849
852
854
854
856
859
861
865
866
867
867
875
875
875
883
884
892
892
894
894
895
898
903
905
907
908
910
910
912
913
920
924
925
925
925
926
926
927
927
929
930
932
933
935
936
937
937
938
943
944
945
947
948
949
949
952
952
955
956
956
957
957
959
963
964
964
966
968
969
971
972
972
972
973
974
974
974
974
975
976
977
978
978
978
978
979
981
981
982
982
982
982
982
982
982
984
985
986
987
987
988
988
988
988
989
990
990
990
990
990
991
992
992
992
993
993
995
995
996
996
996
997
997
997
998
998
998
998
998
999
999
999
999
999
999
999
999
999
999
999
999
999
999
1000
1000
1000
1000
1000
1000
1000
1000
1000
1000
1000
1000
1000
1000
1000
1000
1001
1001
1001
1001
1001
1001
1001
1001
1001
1001
1001
1001
1001
1001
1001
1001
1001
1001
1001
1001
1001
1001
1001
1001
1002
1002
1002
1002
1002
1002
1002
1002
1002
1002
1002
1002
1002
1002
1002
1002
1002
1002
1002
1002
1002
1002
1002
1002
1002
1002
1002
1002
1003
1003
1003
1003
1003
1003
1003
1003
1003
1003
1003
1003
1003
1003
1003
1003
1003
1003
1003
1003
1003
1003
1003
1003
1003
1003
1003
1004
1004
1004
1004
1004
1004
1004
1004
1005
1005
1005
1005
1005
1005
1005
1005
1005
1005
1005
1006
1006
1006
1006
1007
1007
1007
1007
1007
1007
1007
1009
